   44.0463  694.1470
   54.7275  367.7639
   60.0113  481.6431
   49.6719  581.4505
   52.7737  573.6797
   41.2318  413.9069
   36.1586  675.7978
   32.0358  407.6651
   47.9789  675.7038
   50.2562  660.8526
   33.3596  280.5280
   45.7701  572.9612
   20.7438  577.2286
   53.0597  457.4606
   40.8638  505.9241
   44.7099  526.8834
   47.4570  460.3077
   38.3778  575.2915
   46.2695  335.8157
   48.1234  634.0814
   35.7617  677.6622
   38.0130  722.5687
   41.8182  571.5389
   52.3481  483.7418
   41.8318  682.2858
   47.5237  510.6933
   51.6238  635.6705
   53.5700  431.7695
   53.1361  583.5886
   45.8141  385.5361
   38.2634  430.6844
   36.6478  467.0563
   51.1422  514.4910
   54.1525  477.3407
   50.3236  531.1153
   43.9815  423.0099
   48.8263  410.5854
   41.8138  465.4256
   57.9356  576.7156
   39.7864  596.1394
   42.7551  422.1851
   40.1642  451.1295
   44.2353  591.0990
   42.5525  424.0688
   31.9763  488.1039
   41.3165  420.2733
   44.8381  469.3054
   39.4671  415.1574
   45.8263  376.7530
   57.4681  515.9564
   41.0219  387.2899
   49.9326  484.0919
   48.5269  571.3350
   50.4213  451.3525
   48.8840  729.6226
   36.6495  702.6391
   50.6681  441.8609
   29.9601  489.6865
   54.3616  817.0166
   47.6162  374.8183
   33.9322  543.3035
   35.7363  242.8345
   33.3987  481.5447
   46.2954  558.0892
   36.2379  489.1772
   50.1063  330.3672
   43.9117  493.5506
   53.4739  620.2078
   57.0577  313.6318
   36.2803  473.1551
   43.1234  728.2671
   48.9475  515.9848
   31.9859  568.8884
   48.1188  410.7619
   42.9951  507.7064
   41.0618  431.9733
   40.3033  511.6302
   59.1447  520.5513
   48.5150  408.6804
   52.4863  385.1048
   44.2241  507.6100
   42.7250  616.5515
   37.6762  441.7932
   55.0357  543.9037
   44.4363  425.4400
   35.9761  568.1142
   34.3102  331.4043
   43.6592  495.6812
   52.3639  655.4785
   44.0931  520.7210
   42.3751  568.6228
   55.8037  552.7812
   38.4407  610.0782
   46.6010  564.5833
   38.9384  357.5958
   32.3790  449.8236
   52.0714  452.7471
   48.7609  627.1621
   40.6907  471.8747
   50.0858  512.5337
   43.9192  560.9809
   55.2601  640.0311
   61.6751  503.0624
   65.6786  482.4545
   53.5154  577.2126
   41.3722  432.3086
   56.9588  463.7834
   46.2024  410.9449
   44.3779  448.2360
   34.7965  391.4260
   38.8633  538.2103
   52.3179  522.7380
   29.6298  481.9292
   49.3866  587.5161
   47.2954  538.6596
   39.8219  617.7773
   61.8631  488.3065
   34.1739  490.6681
   40.3035  378.6798
   53.2265  521.1904
   45.9884  470.9347
   39.0294  312.5470
   44.4089  403.7630
   41.2503  612.4109
   48.6845  606.0792
   38.7517  681.8214
   57.4657  583.1909
   55.5374  452.6889
   48.1612  470.4146
   27.6578  504.0285
   45.7696  636.4830
   55.7973  364.7141
   36.0506  501.5994
   51.3428  446.3806
   49.1242  472.2752
   55.2379  430.5674
   22.1927  499.2765
   44.6125  487.1283
   49.9415  493.4595
   49.1406  580.2294
   40.7409  571.5876
   48.6875  617.8756
   40.3646  674.8444
   45.2950  359.8373
   47.8647  464.5605
   44.4184  470.7980
   47.1611  380.7620
   34.7969  461.4696
   33.7461  579.8890
   54.3754  518.5989
   50.2017  382.8188
   54.6406  435.6990
   54.5957  653.8072
   44.3882  520.0593
   37.4040  462.1411
   34.5448  655.1962
   41.6530  498.7262
   50.7465  493.9793
   52.6561  483.1950
   47.8677  395.3094
   30.2284  588.1670
   45.8602  541.0199
   32.8830  480.9437
   39.6270  478.1598
   43.9316  626.8169
   40.1355  519.7647
   44.5673  520.8635
   31.5836  586.1195
   41.6144  599.1829
   44.3771  479.1863
   48.7403  579.0608
   46.2532  368.3366
   44.4844  570.9199
   52.8814  722.7489
   52.6154  459.5790
   30.4044  552.6167
   42.4804  471.5349
   29.0496  356.6213
   45.2052  619.8699
   40.6673  545.5700
   56.1077  459.5097
   43.7390  474.8238
   40.5437  511.9628
   59.0241  390.9033
   44.2198  645.3395
   59.6199  497.9686
   50.1790  618.1836
   40.0048  239.9714
   46.9008  486.1164
   56.0761  457.1601
   64.3100  447.1592
   38.6162  452.7034
   55.8531  511.8653
   38.1054  457.6042
   45.8238  571.5154
   31.9280  443.4963
   48.0811  523.9164
   45.5237  664.6300
   58.1427  554.3935
   38.0304  462.2909
   39.8272  645.2882
   41.0817  452.8998
   41.5442  551.5546
   44.0993  453.8237
   49.3119  374.9587
   52.9040  397.4648
   37.9469  664.9355
   53.6350  546.2920
   42.2372  710.3255
   45.3803  490.4204
   51.5846  588.2103
   34.0555  627.7156
   47.7091  483.2989
   53.5179  598.6608
   52.4932  527.2251
   44.6852  372.4627
   42.4409  375.7033
   47.3865  558.4700
   53.6032  554.9910
   64.6630  539.1997
   53.3225  678.9281
   36.2148  623.3069
   40.5100  555.6858
   27.6791  381.8811
   42.9372  545.5020
   68.9186  521.5925
   42.4883  633.8901
   52.2098  500.4517
   55.0092  531.7898
   38.0630  468.2255
   40.5378  474.9643
   36.6734  496.1888
   44.6455  717.3079
   44.1115  661.4273
   61.5488  555.8866
   54.3080  631.9078
   46.1670  575.2293
   46.0331  644.4397
   46.4500  413.3513
   27.4593  698.1793
   45.4073  544.3696
   67.6228  506.4520
   52.0823  556.8732
   43.7048  399.0275
   39.6218  284.9383
   46.1562  712.1060
   55.8232  472.8697
   46.7941  426.8946
   44.0822  522.4975
   39.6032  602.7512
   34.6653  409.9275
   37.3940  481.6445
   38.7472  486.6741
   51.4178  547.0311
   52.1631  493.5655
   52.8781  374.4447
   39.5095  670.1678
   45.7036  506.4299
   53.9978  396.8697
   37.5202  514.3639
   47.3603  378.4187
   36.6247  453.6938
   50.0501  586.4447
   56.9421  478.2389
   49.5185  596.3983
   37.4640  582.3492
   58.2123  490.5684
   33.2944  634.5777
   51.4073  515.6830
   45.8522  518.4237
   45.3153  485.4841
   51.0380  465.2676
   31.8285  438.7536
   55.7687  588.0624
   38.9142  447.3437
   42.7959  477.0880
   41.6794  367.8291
   35.1486  521.4432
   33.5100  547.3704
   27.7795  543.6896
   32.0804  616.4389
   57.1977  433.7549
   51.9836  493.9272
   57.1371  652.3398
   38.6685  499.3967
   60.7899  579.7850
   48.2006  529.1603
   35.1826  562.3508
   57.6515  768.0775
   58.5210  662.3757
   38.0367  717.3702
   53.5832  502.0125
   50.1956  423.1026
   41.9057  395.5330
   49.6529  457.2033
   34.6937  639.8346
   52.6718  553.1933
   35.9560  441.8440
   61.1521  529.1872
   39.9304  335.4887