   46.0763  186.9524
   31.6421  240.6001
   47.0290  238.9586
   44.8749  318.8230
   31.2803  210.5699
   37.8326  322.7331
   28.2677  346.2633
   36.8363  234.3907
   29.6416  265.5277
   33.9682  313.5505
   16.5096  269.0743
   26.9191  289.1883
   47.5275  319.1365
   47.9136  264.8074
   51.2195  220.1381
   29.1673  256.0610
    8.0348  305.9240
   50.9790  349.5716
   35.4421  209.0230
   14.8440  304.6685
   41.3330  275.3984
   38.6358  255.4432
   23.3535  280.0638
   38.7841  175.4562
   36.5721  271.3180
   28.4099  257.0115
   30.6078  242.0170
   43.3550  244.5369
   26.9118  261.3481
   32.5229  181.3259
   47.1297  197.7427
   20.5768  164.6400
   23.9810  186.4987
   38.2118  243.4239
   41.3523  342.9704
   44.2362  270.4667
   28.4270  305.1642
   40.3424  314.1301
   53.9439  190.1901
   30.4932  220.4927
   22.8018  327.8044
   27.9686  187.0847
   12.5631  238.3099
    6.0653  223.5899
   43.7236  183.1749
   30.7790  267.0488
   34.6074  259.3235
   23.5740  219.4473
   32.5013  282.0523
   32.1345  277.4598
   44.8655  208.8588
   31.9862  188.3804
   42.1694  337.5204
   45.1917  222.5188
   37.0564  234.3499
   38.1879  249.8621
   47.0018  233.2327
   50.3823  168.3180
   42.3473  250.8303
   43.8757  212.3179
   31.7687  274.9163
   37.1815  228.8397
   38.7319  322.5239
   24.1883  232.0114
    9.0197  330.1897
   36.0087  222.2955
   42.2219  288.2954
   28.4433  302.8040
   31.6254  265.1126
   27.6331  174.6409
   51.8614  285.1648
   14.7938  275.1174
   31.9025  367.0146
    5.6017  268.7641
   30.9187  237.1248
   45.2998  199.4236
   37.7778  291.8943
   40.1162  176.2355
   41.7572  268.6855
   41.1049  213.7912
   22.4527  270.4438
   28.4875  236.5061
   53.2746  300.0284
   19.4439  304.5271
   39.8641  234.2717
   28.4792  179.7121
   33.0551  308.9620
   26.8639  220.4422
   43.9624  188.0650
   12.3808  235.7874
   36.1858  296.6099
   36.6406  244.8733
   45.0617  295.8644
   25.3384  270.1948
   40.2184  373.8189
   49.5267  252.7696
   27.1453  287.6017
   17.4602  285.8980
   35.0177  281.5943
   49.5151  325.4787
   49.0975  328.6359
   36.5541  233.6364
   22.4280  233.0486
   54.7134  149.4453
   31.4403  252.6508
   37.9433  241.6772
   31.1165  328.4794
   20.2497  286.6403
   20.5131  263.0633
   27.8535  239.1435
   21.7397  279.5831
   29.8913  212.9525
   39.3294  292.2253
   40.8640  282.8234
   39.4828  253.5092
   53.3930  207.3899
   43.4978  211.1076
   39.7249  216.9116
   25.4515  288.8775
   22.6207  302.3333
   33.5108  288.2794
   27.3022  164.5284
   36.8993  294.1857
   42.2123  305.5953
   32.9621  309.5928
   22.6142  196.6743
   41.4970  325.0215
   37.4755  211.3614
   26.4256  277.7500
   36.8525  126.3929
   25.0580  218.0357
   48.8320  300.3688
   29.4506  262.9214
   25.6204  260.7107
   29.5429  259.7894
   56.6870  237.0286
   -0.8635  205.1576
   50.9683  307.4492
   14.9246  229.3529
   60.3842  246.9582
   21.2228  194.3429
   24.1358  234.5273
   47.7165  271.8888
   19.5308  307.1078
   46.7000  379.1852
   26.9970  177.3817
   27.4419  211.8161
   33.8570  254.7805
   22.8667  165.2407
   33.5570  147.2505
   32.6791  179.6863
   23.3849  261.0755
   31.7606  270.4947
   25.8689  237.1235
   30.5179  169.6126
   31.7632  213.9312
   35.5752  193.3296
   29.4558  343.7208
   49.8416  280.8959
   37.5080  295.1401
   53.5441  257.2535
   25.9347  211.8951
   32.6080  309.0890
   35.0545  279.0423
   31.3763  148.1977
   19.5801  230.5112
   42.7909  218.7989
   32.8583  243.2696
   28.8435  239.7982
   40.8502  203.9159
   41.2949  170.9082
   42.8274  298.3096
   34.9987  207.5245
   21.2564  205.3071
   36.4508  362.5895
   42.6768  215.0729
   38.8982  302.4207
   26.2458  257.2770
   24.3722  168.2298
   15.5960  172.7138
   31.6263  207.2398
   45.8832  276.1792
   26.2051  206.4911
   37.0513  254.9959
   49.3484  285.3509
   38.7453  197.2944
   12.5937  283.0870
   40.0698  259.2111
   28.7526  208.9064
   47.1345  229.2676
   13.6968  268.4260
   29.9456  323.5009
   34.9186  321.6138
   46.2079  200.5915
   32.8500  339.0889
   23.2610  247.4683
   24.9942  274.4739
   50.2391  237.1870
   62.2394  202.5946
   53.9186  224.5470
   10.3418  287.9581
   31.0041  250.3380
   65.4046  274.2744
   31.9294  253.9546
   33.3442  343.0930
   36.4200  309.4283
   27.3823  324.2837
   10.3701  203.4744
   26.5336  193.6634
   31.7093  302.3112
   22.5066  154.2850
   32.2402  242.3035
   40.4343  302.9770
   56.6193  317.9685
   13.9989  181.1071
   25.6087  242.6090
   36.3124  242.6100
   27.9082  308.7201
    5.6262  277.2922
   25.1334  265.1901
   16.3391  330.6411
   48.5366  186.2021
   28.7133  256.3309
   19.4810  198.3109
   36.8735  271.8172
   20.0889  259.7595
   40.7065  326.9911
   11.3930  209.2289
   19.1351  331.2555
   31.0438  219.5008
   29.6303  331.2192
   30.0094  237.8287
   39.7280  267.4457
   50.5457  284.6032
   39.5894  294.5979
   59.8274  212.2423
   24.3750  245.4020
   18.2247  208.0716
   -6.9599  297.0480
   22.0065  304.7591
   35.3900  356.8951
   27.8506  224.0028
   47.5726  120.7845
   17.8217  280.1069
   35.3785  201.0772
    0.3585  216.6992
   33.0706  216.3535
   34.9309  239.7378
   34.6798  223.1452
   20.5486  203.6986
   -0.9678  284.9758
   24.3342  241.9408
   30.4243  249.1142
   52.7473  228.8252
   37.4915  265.0775
   41.6779  311.3329
   40.8763  217.4791
   25.1110  272.0000
   25.6723  283.0438
   31.2149  199.1526
   23.2727  200.7639
   40.0330  235.8194
   44.5871  272.7480
   29.3708  220.4012
   47.3920  258.0460
   24.2108  341.6297
   44.2614  233.4346
   24.8306  243.5273
   30.7270  262.7797
   21.9687  232.0706
   47.6729  198.3873
   35.8942  338.0034
   41.3252  309.6098
   54.8187  165.2167
   28.4886  255.9698
   30.2401  287.4934
   21.4691  105.3903
   37.5580  202.6496
   19.9316  189.0499
   26.5302  231.3623
   34.4643  268.6647
   34.9423  282.9104
   16.0606  196.3038
   33.8273  333.7065
   26.4702  154.8771
   41.3312  326.8726
   32.3638  257.5770
   67.3862  196.0801
   48.1634  204.9865
   40.2257  230.5573
   32.9776  104.4904
   33.2482  246.9669
   40.8165  291.5114
   52.8064  229.9825
   31.4018  227.1012
   32.6307  205.1686
   39.3225  231.3996
   39.0160  268.4714
   29.7376  216.1559
   24.4833  207.3087
   49.7975  293.9402
   26.6397  250.4005
   32.1384  365.1028
   18.8701  191.5616
   32.2972  232.3767
   25.5020  279.6127
   37.1070  226.0555
   40.2445  233.2691
   40.8917  154.1856
   37.5222  295.1222
   64.3495  267.1912
   41.2535  201.3849
   27.5881  229.2387
   39.1863  246.6407
   32.6824  260.8730
   37.7970  206.3700
   24.0056  258.6515
   45.1753  205.3910
   33.0207  150.3895
   39.0310  267.9357
   22.7963  231.4597
   49.1869  259.8369
   42.9166  189.0825
   39.0981  157.2643
   40.0753  324.8060
   37.6820  240.9098
   36.3791  322.5406
   44.2092  234.3015
   49.9211  208.1076
   33.9107  218.1430
   55.5667  237.4257
   40.4522  256.4009
   21.4862  288.9206
   21.6090  343.1317
   32.2917  267.7001
   58.3918  143.6919
   30.5551  300.8682
   33.0248  257.4445
   25.2099  191.9784
   36.9651  253.4562
   48.0685  257.4899
   19.2969  294.7463
   32.3683  206.9045
   49.8947  174.2276
   43.2915  239.3146
   32.6411  229.7716
   56.0445  310.8599
   42.5971  300.0942
   40.4580  289.0238
   34.4412  157.6806
   41.6128  333.7481
   30.3434  333.0030
   32.2748  235.8768
   55.2246  315.5778
   25.6583  261.6847
   46.9667  241.9241
   23.1284  277.4371
   34.3351  359.4568
   14.8551  254.4358
   28.3955  253.5081
   33.8515  213.6775
   33.9495  270.5331
   26.3716  258.3116
   18.7159  258.8800
   34.7061  194.1438
   51.7487  285.8948
   38.1699  313.2949
   28.6812  237.5491
   34.3216  242.0614
   30.2018  238.9676
   27.7703  241.9112
   42.9588  304.1472
   32.4470  318.5727
   28.1690  393.2071
   49.8599  265.7915
   41.6936  235.3578
   29.3914  265.3256
   27.1543  135.1654
   61.3160  230.0590
   30.5877  240.7729
   41.6808  264.1143
   50.5497  233.3439
   27.3825  263.4197
   40.1152  305.2204
   38.3700  316.4090
   26.5615  268.0608
   31.9531  223.2694
   49.1219  262.6791
   17.1569  310.6378
   45.1794  169.5863
   61.9697  263.0723
   26.8395  213.7302
   45.3090  182.9690
   39.8151  238.6617
   21.9841  249.4176
   48.9761  233.6710
   14.5972  313.8990
   44.0744  312.3939
   43.5312  312.6152
   50.5502  151.2858
   37.9008  311.7294
   44.0018  332.2767
   38.9300  235.0159
   31.7650  269.5734
   25.5665  205.1620
   15.2386  302.3733
   53.3630  314.6882
   38.8521  210.1771
   27.9992  210.0948
   27.9805  264.5255
   25.7515  264.5537
   17.6738  191.6920
   28.1962  264.7728
   52.8637  195.3963
   13.7965  266.5106
   26.1523  333.7529
   41.8138  263.5086
   41.8699  252.6027
   50.8631  317.9032
   25.5434  249.9784
    7.3733  283.3992
   31.0568  315.5873
   18.2573  261.6777
   46.3678  170.8935
   45.8406  277.8553
   34.7761  307.4081
   40.2589  199.9583
   37.2285  272.5489
   36.9718  258.6355
   33.6567  333.9257
   27.4225  289.8210
   54.5413  192.7990
   36.1453  317.6384
   10.8985  261.1583
   28.7433  225.9949
   44.0230  274.0697
   50.0594  223.4526
   20.9587  317.3458
   23.9926  272.2286
   66.0827  301.3578
   12.6425  217.9582
   39.8281  180.5869
   29.9622  202.9759
   27.7029  182.4670
   35.7023  275.3672
   34.8405  266.2058
   17.5429  264.9947
   25.1671  287.8522
   48.5156  351.0010
   32.8217  209.5130
   44.9865  386.7181
   48.8778  308.4255
   32.8170  282.3162
   20.4993  331.2851
   36.1358  252.1159
   42.3752  195.7825
   50.2975  366.8910
   34.1289  209.2216
   23.8516  187.4275
   47.0013  234.8209
   45.5023  279.3110
   18.1655  193.6361
   24.6030  282.1511
   44.3193  361.7110
   22.2171  250.0299
   43.0498  246.6333
   25.1301  163.0534
   40.2471  281.7699
   48.6928  246.9674
   41.5084  270.3660
   48.3519  288.2553
   33.9696  216.1985
   50.9014  182.8530
   45.3777  255.4967
   25.7645  254.2792
   42.0324  238.4480
   45.1739  294.6346
   27.2286  251.5054
   53.2780  215.5215
   12.0993  245.1821
   40.0926  274.3487
   33.2472  277.8273
   41.1767  268.4007
   56.6761  165.5290
   28.8622  328.7258
   15.4648  254.2916
   46.7203  263.6685
   42.9627  220.1984
   18.8493  241.6437
   26.5871  279.0484
   23.2240  178.6301
   30.0954  321.4906
   33.4562  179.3292
   26.1455  311.2210
   42.2189  258.0953
   50.2672  263.2222
   10.1428  192.8251
   31.9905  263.4038
   19.2534  199.3476
   43.1625  223.8625